5.599999999999999645e+00
5.269999999999999574e+00
4.950000000000000178e+00
4.620000000000000107e+00
4.299999999999999822e+00
4.040000000000000036e+00
3.779999999999999805e+00
3.509999999999999787e+00
3.259999999999999787e+00
5.839999999999999858e+00
5.440000000000000391e+00
5.120000000000000107e+00
4.809999999999999609e+00
4.490000000000000213e+00
4.190000000000000391e+00
3.959999999999999964e+00
3.669999999999999929e+00
3.419999999999999929e+00
6.030000000000000249e+00
5.660000000000000142e+00
5.320000000000000284e+00
5.000000000000000000e+00
4.669999999999999929e+00
4.360000000000000320e+00
4.089999999999999858e+00
3.830000000000000071e+00
3.580000000000000071e+00
3.310000000000000053e+00
6.250000000000000000e+00
5.849999999999999645e+00
5.500000000000000000e+00
5.129999999999999893e+00
4.799999999999999822e+00
4.469999999999999751e+00
4.269999999999999574e+00
4.000000000000000000e+00
3.740000000000000213e+00
3.479999999999999982e+00
3.229999999999999982e+00
6.009999999999999787e+00
5.639999999999999680e+00
5.259999999999999787e+00
4.919999999999999929e+00
4.639999999999999680e+00
4.389999999999999680e+00
4.129999999999999893e+00
3.870000000000000107e+00
3.609999999999999876e+00
3.350000000000000089e+00
3.100000000000000089e+00
6.219999999999999751e+00
5.849999999999999645e+00
5.480000000000000426e+00
5.059999999999999609e+00
4.799999999999999822e+00
4.530000000000000249e+00
4.269999999999999574e+00
4.009999999999999787e+00
3.750000000000000000e+00
3.479999999999999982e+00
3.220000000000000195e+00
5.990000000000000213e+00
5.620000000000000107e+00
5.200000000000000178e+00
4.929999999999999716e+00
4.639999999999999680e+00
4.400000000000000355e+00
4.129999999999999893e+00
3.870000000000000107e+00
3.600000000000000089e+00
3.339999999999999858e+00
6.129999999999999893e+00
5.769999999999999574e+00
5.339999999999999858e+00
5.059999999999999609e+00
4.740000000000000213e+00
4.490000000000000213e+00
4.240000000000000213e+00
3.959999999999999964e+00
3.709999999999999964e+00
3.439999999999999947e+00
6.280000000000000249e+00
5.919999999999999929e+00
5.490000000000000213e+00
5.219999999999999751e+00
4.870000000000000107e+00
4.599999999999999645e+00
4.339999999999999858e+00
4.080000000000000071e+00
3.819999999999999840e+00
3.560000000000000053e+00
6.070000000000000284e+00
5.610000000000000320e+00
5.299999999999999822e+00
4.990000000000000213e+00
4.719999999999999751e+00
4.459999999999999964e+00
4.200000000000000178e+00
3.930000000000000160e+00
3.669999999999999929e+00
6.179999999999999716e+00
5.740000000000000213e+00
5.429999999999999716e+00
5.139999999999999680e+00
4.839999999999999858e+00
4.570000000000000284e+00
4.320000000000000284e+00
4.049999999999999822e+00
3.770000000000000018e+00
5.889999999999999680e+00
5.540000000000000036e+00
5.250000000000000000e+00
4.959999999999999964e+00
4.669999999999999929e+00
4.419999999999999929e+00
4.150000000000000355e+00
3.879999999999999893e+00
6.070000000000000284e+00
5.639999999999999680e+00
5.370000000000000107e+00
5.040000000000000036e+00
4.780000000000000249e+00
4.509999999999999787e+00
4.250000000000000000e+00
3.979999999999999982e+00
6.209999999999999964e+00
5.759999999999999787e+00
5.500000000000000000e+00
5.160000000000000142e+00
4.879999999999999893e+00
4.620000000000000107e+00
4.349999999999999645e+00
4.080000000000000071e+00
5.879999999999999893e+00
5.599999999999999645e+00
5.259999999999999787e+00
4.959999999999999964e+00
4.700000000000000178e+00
4.429999999999999716e+00
4.169999999999999929e+00
6.019999999999999574e+00
5.700000000000000178e+00
5.379999999999999893e+00
5.049999999999999822e+00
4.790000000000000036e+00
4.519999999999999574e+00
4.259999999999999787e+00
6.169999999999999929e+00
5.780000000000000249e+00
5.480000000000000426e+00
5.129999999999999893e+00
4.870000000000000107e+00
4.610000000000000320e+00
4.349999999999999645e+00
5.900000000000000355e+00
5.559999999999999609e+00
5.219999999999999751e+00
4.950000000000000178e+00
4.690000000000000391e+00
4.429999999999999716e+00
5.990000000000000213e+00
5.660000000000000142e+00
5.320000000000000284e+00
5.040000000000000036e+00
4.780000000000000249e+00
4.509999999999999787e+00
6.110000000000000320e+00
5.750000000000000000e+00
5.419999999999999929e+00
5.120000000000000107e+00
4.860000000000000320e+00
4.599999999999999645e+00
6.209999999999999964e+00
5.830000000000000071e+00
5.500000000000000000e+00
5.219999999999999751e+00
4.940000000000000391e+00
4.679999999999999716e+00
5.950000000000000178e+00
5.599999999999999645e+00
5.309999999999999609e+00
5.030000000000000249e+00
4.759999999999999787e+00
6.049999999999999822e+00
5.690000000000000391e+00
5.410000000000000142e+00
5.099999999999999645e+00
4.830000000000000071e+00
6.160000000000000142e+00
5.769999999999999574e+00
5.480000000000000426e+00
5.179999999999999716e+00
4.910000000000000142e+00
6.259999999999999787e+00
5.849999999999999645e+00
5.570000000000000284e+00
5.250000000000000000e+00
4.990000000000000213e+00
5.929999999999999716e+00
5.650000000000000355e+00
5.320000000000000284e+00
5.049999999999999822e+00
6.019999999999999574e+00
5.740000000000000213e+00
5.419999999999999929e+00
5.120000000000000107e+00
6.129999999999999893e+00
5.839999999999999858e+00
5.500000000000000000e+00
5.219999999999999751e+00
6.240000000000000213e+00
5.929999999999999716e+00
5.589999999999999858e+00
5.290000000000000036e+00
6.349999999999999645e+00
6.019999999999999574e+00
5.669999999999999929e+00
5.349999999999999645e+00
6.099999999999999645e+00
5.740000000000000213e+00
5.419999999999999929e+00
6.179999999999999716e+00
5.830000000000000071e+00
5.490000000000000213e+00
6.269999999999999574e+00
5.910000000000000142e+00
5.570000000000000284e+00
6.330000000000000071e+00
5.990000000000000213e+00
5.660000000000000142e+00
6.410000000000000142e+00
6.089999999999999858e+00
5.740000000000000213e+00
6.179999999999999716e+00
5.820000000000000284e+00
6.269999999999999574e+00
5.900000000000000355e+00
6.379999999999999893e+00
5.990000000000000213e+00
6.059999999999999609e+00
6.139999999999999680e+00
6.219999999999999751e+00
6.320000000000000284e+00
